2 0.838 0.489 0.03 0.047
2 0.823 0.484 0.033 0.073
2 0.813 0.477 0.036 0.07
2 0.802 0.47 0.042 0.081
2 0.713 0.47 0.048 0.088
2 0.765 0.466 0.039 0.056
2 0.732 0.459 0.033 0.059
2 0.685 0.417 0.027 0.044
2 0.665 0.447 0.042 0.106
2 0.695 0.474 0.038 0.067
2 0.64 0.445 0.03 0.078
2 0.623 0.463 0.023 0.048
2 0.623 0.434 0.02 0.053
2 0.624 0.413 0.023 0.045
2 0.592 0.439 0.038 0.075
2 0.586 0.421 0.025 0.055
2 0.562 0.426 0.033 0.089
2 0.543 0.42 0.033 0.078
2 0.529 0.414 0.036 0.084
2 0.494 0.405 0.019 0.045
2 0.467 0.425 0.016 0.041
2 0.453 0.426 0.016 0.039
2 0.452 0.398 0.022 0.058
2 0.44 0.385 0.02 0.045
2 0.43 0.384 0.025 0.061
2 0.424 0.384 0.014 0.036
2 0.407 0.383 0.02 0.059
2 0.395 0.388 0.02 0.044
2 0.385 0.394 0.014 0.034
2 0.376 0.393 0.011 0.036
2 0.368 0.396 0.011 0.033
2 0.185 0.324 0.017 0.073
2 0.17 0.318 0.019 0.08
2 0.163 0.317 0.019 0.078
2 0.153 0.313 0.016 0.077
2 0.127 0.303 0.016 0.072
2 0.12 0.304 0.016 0.07
2 0.114 0.303 0.016 0.075
2 0.105 0.301 0.017 0.073
2 0.095 0.298 0.017 0.067
