2 0.172 0.436 0.022 0.044
2 0.188 0.434 0.023 0.07
2 0.198 0.429 0.025 0.067
2 0.21 0.423 0.03 0.077
2 0.298 0.437 0.036 0.083
2 0.248 0.426 0.033 0.052
2 0.28 0.424 0.023 0.058
2 0.334 0.39 0.02 0.042
2 0.349 0.421 0.027 0.105
2 0.316 0.444 0.028 0.062
2 0.374 0.423 0.017 0.075
2 0.388 0.444 0.017 0.047
2 0.392 0.416 0.013 0.052
2 0.395 0.395 0.016 0.044
2 0.423 0.427 0.027 0.072
2 0.432 0.408 0.017 0.053
2 0.455 0.417 0.019 0.088
2 0.474 0.415 0.02 0.077
2 0.488 0.411 0.023 0.081
2 0.525 0.408 0.013 0.044
2 0.548 0.43 0.009 0.039
2 0.561 0.434 0.009 0.038
2 0.568 0.406 0.014 0.056
2 0.58 0.396 0.014 0.042
2 0.592 0.395 0.016 0.059
2 0.597 0.397 0.009 0.034
2 0.615 0.398 0.011 0.059
2 0.625 0.405 0.013 0.042
2 0.634 0.413 0.009 0.034
2 0.644 0.414 0.006 0.034
2 0.65 0.418 0.006 0.033
2 0.842 0.376 0.006 0.073
2 0.859 0.371 0.008 0.08
2 0.867 0.373 0.006 0.077
2 0.876 0.37 0.005 0.078
2 0.904 0.364 0.005 0.072
2 0.909 0.366 0.003 0.07
2 0.916 0.367 0.005 0.075
2 0.924 0.365 0.005 0.073
2 0.935 0.364 0.008 0.066
