2 0.028 0.587 0.006 0.02
2 0.055 0.538 0.014 0.105
2 0.066 0.577 0.008 0.03
2 0.084 0.536 0.013 0.097
2 0.096 0.535 0.014 0.102
2 0.109 0.533 0.017 0.1
2 0.157 0.511 0.008 0.044
2 0.187 0.534 0.008 0.038
2 0.203 0.545 0.009 0.052
2 0.215 0.495 0.008 0.047
2 0.223 0.525 0.008 0.056
2 0.227 0.499 0.008 0.058
2 0.241 0.496 0.009 0.061
2 0.255 0.491 0.014 0.092
2 0.27 0.505 0.008 0.034
2 0.292 0.498 0.013 0.103
2 0.309 0.539 0.014 0.075
2 0.323 0.475 0.011 0.059
2 0.325 0.541 0.006 0.069
2 0.334 0.505 0.008 0.064
2 0.345 0.5 0.017 0.122
2 0.363 0.5 0.008 0.053
2 0.372 0.525 0.009 0.05
2 0.381 0.492 0.013 0.094
2 0.396 0.503 0.011 0.109
2 0.419 0.499 0.016 0.114
2 0.438 0.503 0.02 0.1
2 0.459 0.532 0.013 0.055
2 0.471 0.502 0.02 0.088
2 0.477 0.473 0.023 0.081
2 0.491 0.487 0.014 0.052
2 0.502 0.484 0.019 0.058
2 0.52 0.534 0.014 0.069
2 0.548 0.538 0.02 0.064
2 0.56 0.489 0.03 0.109
2 0.569 0.477 0.022 0.069
2 0.602 0.503 0.03 0.113
2 0.615 0.497 0.03 0.116
2 0.638 0.505 0.019 0.105
2 0.647 0.479 0.019 0.039
2 0.662 0.477 0.014 0.027
2 0.689 0.479 0.025 0.045
2 0.744 0.499 0.031 0.083
2 0.83 0.525 0.036 0.097
2 0.841 0.522 0.036 0.091
2 0.855 0.525 0.047 0.103
2 0.866 0.518 0.044 0.092
2 0.767 0.515 0.034 0.105
2 0.773 0.496 0.025 0.042
2 0.798 0.513 0.022 0.034
