2 0.168 0.539 0.027 0.047
2 0.184 0.543 0.028 0.073
2 0.194 0.548 0.031 0.069
2 0.204 0.555 0.036 0.08
2 0.294 0.549 0.044 0.086
2 0.243 0.555 0.036 0.055
2 0.274 0.559 0.03 0.059
2 0.324 0.598 0.023 0.044
2 0.343 0.569 0.036 0.106
2 0.312 0.544 0.033 0.066
2 0.369 0.568 0.025 0.077
2 0.384 0.549 0.02 0.048
2 0.385 0.578 0.017 0.053
2 0.387 0.599 0.02 0.045
2 0.416 0.571 0.033 0.073
2 0.423 0.589 0.022 0.053
2 0.448 0.582 0.027 0.089
2 0.466 0.586 0.027 0.078
2 0.481 0.591 0.031 0.084
2 0.516 0.598 0.016 0.045
2 0.543 0.577 0.014 0.039
2 0.555 0.573 0.014 0.038
2 0.559 0.602 0.019 0.058
2 0.571 0.614 0.017 0.044
2 0.582 0.616 0.02 0.059
2 0.588 0.616 0.013 0.034
2 0.605 0.614 0.016 0.059
2 0.616 0.608 0.017 0.044
2 0.627 0.602 0.013 0.034
2 0.636 0.601 0.009 0.036
2 0.642 0.599 0.009 0.033
2 0.83 0.656 0.013 0.075
2 0.846 0.663 0.014 0.08
2 0.855 0.663 0.013 0.078
2 0.863 0.666 0.011 0.078
2 0.89 0.673 0.011 0.072
2 0.897 0.673 0.009 0.07
2 0.904 0.673 0.011 0.075
2 0.911 0.674 0.013 0.073
2 0.922 0.677 0.013 0.067
