2 0.519 0.338 0.066 0.013
2 0.522 0.359 0.078 0.011
2 0.512 0.402 0.092 0.017
2 0.518 0.32 0.07 0.008
2 0.517 0.302 0.062 0.019
2 0.513 0.244 0.059 0.013
2 0.511 0.263 0.056 0.013
2 0.513 0.281 0.056 0.013
2 0.529 0.194 0.064 0.016
2 0.514 0.216 0.075 0.017
2 0.53 0.152 0.062 0.016
2 0.528 0.173 0.066 0.016
2 0.533 0.126 0.069 0.02
2 0.527 0.424 0.069 0.017
2 0.522 0.449 0.075 0.017
2 0.527 0.582 0.064 0.036
2 0.537 0.611 0.08 0.009
2 0.528 0.638 0.081 0.023
2 0.534 0.662 0.075 0.017
2 0.516 0.684 0.067 0.016
2 0.525 0.549 0.062 0.014
2 0.523 0.814 0.078 0.028
2 0.517 0.86 0.094 0.023
2 0.527 0.774 0.083 0.039
