0 0.145 0.601 0.028 0.033
0 0.17 0.598 0.016 0.034
0 0.307 0.602 0.089 0.02
0 0.433 0.594 0.047 0.028
0 0.478 0.587 0.028 0.03
0 0.516 0.591 0.025 0.02
0 0.562 0.583 0.069 0.05
0 0.621 0.595 0.02 0.022
0 0.652 0.599 0.033 0.045
0 0.688 0.604 0.017 0.03
0 0.738 0.621 0.081 0.055
0 0.8 0.615 0.028 0.03
0 0.834 0.623 0.031 0.052
3 0.878 0.632 0.05 0.023
3 0.22 0.601 0.073 0.036
3 0.111 0.609 0.031 0.031
3 0.379 0.612 0.048 0.033
3 0.605 0.584 0.013 0.008
3 0.498 0.58 0.008 0.013
0 0.537 0.635 0.034 0.017
3 0.443 0.574 0.036 0.011
