0 0.731 0.758 0.025 0.062
4 0.354 0.538 0.058 0.198
0 0.409 0.981 0.019 0.034
0 0.383 0.955 0.028 0.066
0 0.114 0.919 0.031 0.044
4 0.06 0.926 0.067 0.127
0 0.645 0.967 0.025 0.044
0 0.665 0.619 0.011 0.022
0 0.628 0.639 0.041 0.106
0 0.705 0.569 0.016 0.034
0 0.72 0.642 0.016 0.031
0 0.687 0.67 0.03 0.038
0 0.151 0.223 0.067 0.042
0 0.062 0.213 0.031 0.03
0 0.633 0.236 0.031 0.025
0 0.528 0.198 0.019 0.014
0 0.52 0.23 0.047 0.028
0 0.953 0.234 0.084 0.103
0 0.867 0.209 0.056 0.044
0 0.874 0.263 0.027 0.016
3 0.496 0.532 0.195 0.139
3 0.827 0.545 0.17 0.191
3 0.632 0.48 0.077 0.195
3 0.279 0.516 0.07 0.181
3 0.615 0.747 0.033 0.094
