0 0.287 0.234 0.027 0.062
4 0.651 0.473 0.061 0.2
0 0.62 0.028 0.019 0.034
0 0.644 0.056 0.028 0.066
0 0.912 0.105 0.033 0.045
4 0.965 0.101 0.07 0.127
0 0.383 0.03 0.025 0.044
0 0.346 0.377 0.011 0.022
0 0.384 0.359 0.042 0.108
0 0.303 0.425 0.016 0.034
0 0.292 0.35 0.016 0.031
0 0.327 0.324 0.03 0.039
0 0.838 0.798 0.067 0.044
0 0.925 0.812 0.031 0.031
0 0.356 0.762 0.031 0.027
0 0.459 0.804 0.019 0.014
0 0.47 0.773 0.048 0.028
0 0.041 0.745 0.078 0.105
0 0.123 0.775 0.058 0.044
0 0.118 0.722 0.027 0.016
3 0.509 0.473 0.198 0.142
3 0.179 0.442 0.173 0.194
3 0.371 0.516 0.08 0.197
3 0.725 0.5 0.072 0.181
3 0.402 0.251 0.034 0.095
