0 0.157 0.638 0.03 0.034
0 0.182 0.633 0.017 0.034
0 0.318 0.621 0.089 0.027
0 0.443 0.602 0.048 0.031
0 0.488 0.589 0.03 0.031
0 0.526 0.591 0.027 0.022
0 0.57 0.577 0.072 0.055
0 0.631 0.582 0.022 0.023
0 0.662 0.584 0.036 0.048
0 0.698 0.584 0.02 0.031
0 0.748 0.595 0.084 0.059
0 0.811 0.583 0.031 0.031
0 0.845 0.588 0.034 0.055
3 0.89 0.593 0.052 0.027
3 0.232 0.63 0.077 0.042
3 0.123 0.651 0.034 0.033
3 0.391 0.624 0.052 0.036
3 0.613 0.572 0.013 0.009
3 0.506 0.58 0.009 0.013
0 0.551 0.631 0.036 0.019
3 0.45 0.579 0.038 0.014
