0 0.146 0.398 0.027 0.033
0 0.172 0.399 0.016 0.033
0 0.308 0.398 0.088 0.019
0 0.434 0.409 0.047 0.027
0 0.48 0.416 0.028 0.03
0 0.517 0.412 0.025 0.02
0 0.563 0.421 0.067 0.048
0 0.623 0.411 0.02 0.022
0 0.654 0.407 0.033 0.045
0 0.69 0.404 0.017 0.03
0 0.739 0.388 0.081 0.053
0 0.802 0.394 0.028 0.028
0 0.837 0.387 0.03 0.052
3 0.88 0.377 0.048 0.023
3 0.221 0.398 0.073 0.036
3 0.113 0.387 0.031 0.03
3 0.38 0.39 0.048 0.033
3 0.606 0.423 0.013 0.008
3 0.499 0.423 0.008 0.013
0 0.539 0.369 0.034 0.016
3 0.445 0.429 0.036 0.011
